# Body pose sequence format version 1.0 defined by cnoid-Robotics

type: PoseSeq
name: "fin 5"
targetBody: "GR001"
refs: 
  - 
    time: 0
    refer: 
      type: Pose
      name: ""
      joints: [ 
        0, 1, 2, 3, 4, 5, 6, 7, 8, 
        9, 10, 11, 12, 13, 14, 15, 16, 17, 
        18, 19 ]
      q: [ 
        -3.78656729e-008, 0.0361667252, 0.155612182, -0.679881892, -0.524269817, 0.0361667362, 6.28337145e-009, -0.0565271089, -0.567737262, 
        0.33519838, -0.232538862, -0.0565271143, 0, 0, 0, -0.523598776, 0, 0, 
        0.523598776, 0 ]
      ikLinks: 
        - 
          name: WAIST
          index: 0
          isBaseLink: true
          translation: [ -0.00290277773, -0.00130386659, 0.151366042 ]
          rotation: [ 
            1, 0, 0, 
            0, 1, 0, 
            0, 0, 1 ]
        - 
          name: R_ANKLE_R
          index: 6
          translation: [ 0.00400222293, -0.0246280721, 0.0204376926 ]
          rotation: [ 
            1, 3.39923767e-008, -1.07048842e-007, 
            -3.39923779e-008, 1, -1.10359013e-008, 
            1.07048842e-007, 1.10359049e-008, 1 ]
          isTouching: true
          partingDirection: [ 0, 0, 1 ]
        - 
          name: L_ANKLE_R
          index: 12
          translation: [ 0.0655045341, 0.0240803958, 0.0211478333 ]
          rotation: [ 
            1, -5.18113076e-009, -1.94785538e-008, 
            5.18113086e-009, 1, 5.48588937e-009, 
            1.94785538e-008, -5.48588949e-009, 1 ]
          isTouching: true
          partingDirection: [ 0, 0, 1 ]
      zmp: [ 0.023261902, -0.00123394101, 0 ]
      isZmpStationaryPoint: true
  - 
    time: 1.48801761
    maxTransitionTime: 1.52355443
    refer: 
      type: Pose
      name: ""
      joints: [ 
        0, 1, 2, 3, 4, 5, 6, 7, 8, 
        9, 10, 11, 12, 13, 14, 15, 16, 17, 
        18, 19 ]
      q: [ 
        -0.192660187, 0.261166232, 0.491534074, -1.45728277, -0.965748824, 0.261166257, -3.18410416e-008, 0.233959652, -0.445701432, 
        0.492609417, 0.0469080314, 0.233959644, 0, 0, 0, -0.523598776, 0, 0, 
        0.523598776, 0 ]
      ikLinks: 
        - 
          name: WAIST
          index: 0
          isBaseLink: true
          translation: [ 0.0185777244, 0.0292284234, 0.152991703 ]
          rotation: [ 
            1, 0, 0, 
            0, 1, 0, 
            -0, 0, 1 ]
        - 
          name: R_ANKLE_R
          index: 6
          translation: [ 0.0181537263, -0.011386775, 0.0473407653 ]
          rotation: [ 
            0.981498367, 0.191470507, -1.23513447e-007, 
            -0.191470507, 0.981498367, -1.70450293e-009, 
            1.20901885e-007, 2.53221493e-008, 1 ]
        - 
          name: L_ANKLE_R
          index: 12
          translation: [ 0.0655035302, 0.0240813996, 0.0211539735 ]
          rotation: [ 
            1, 2.10548021e-008, -4.52587241e-008, 
            -2.10548017e-008, 1, 7.38191056e-009, 
            4.52587242e-008, -7.38190961e-009, 1 ]
          isTouching: true
          partingDirection: [ 0, 0, 1 ]
      zmp: [ 0.0420733705, 0.0227600796, 0 ]
      isZmpStationaryPoint: true
  - 
    time: 2
    maxTransitionTime: 0.596483974
    refer: 
      type: Pose
      name: ""
      joints: [ 
        0, 1, 2, 3, 4, 5, 6, 7, 8, 
        9, 10, 11, 12, 13, 14, 15, 16, 17, 
        18, 19 ]
      q: [ 
        -0.25975638, -0.0955523858, 0.714136321, -0.712824932, 0.00131127022, -0.0955523678, 6.44733168e-009, -0.0814893505, -0.432632761, 
        0.939680644, 0.507047907, -0.0814893566, 0, 0, 0, -0.523598776, 0, 0, 
        0.523598776, 0 ]
      ikLinks: 
        - 
          name: WAIST
          index: 0
          isBaseLink: true
          translation: [ 0.0450309877, -0.00363146817, 0.148471075 ]
          rotation: [ 
            1, 0, 0, 
            0, 1, 0, 
            0, 0, 1 ]
        - 
          name: R_ANKLE_R
          index: 6
          translation: [ 0.106603534, -0.0296589185, 0.0211546078 ]
          rotation: [ 
            0.966452577, 0.256845123, -1.1862586e-007, 
            -0.256845123, 0.966452577, 1.29105726e-008, 
            1.17962286e-007, 1.79910175e-008, 1 ]
          isTouching: true
          partingDirection: [ 0, 0, 1 ]
        - 
          name: L_ANKLE_R
          index: 12
          translation: [ 0.0655052629, 0.0240803077, 0.0211475162 ]
          rotation: [ 
            1, -4.51160425e-009, -2.37017554e-008, 
            4.51160439e-009, 1, 6.16052892e-009, 
            2.37017553e-008, -6.16052902e-009, 1 ]
          isTouching: true
          partingDirection: [ 0, 0, 1 ]
      zmp: [ 0.0724920052, -0.00420620192, 0 ]
      isZmpStationaryPoint: true
  - 
    time: 3.47
    maxTransitionTime: 1.49221378
    refer: 
      type: Pose
      name: ""
      joints: [ 
        0, 1, 2, 3, 4, 5, 6, 7, 8, 
        9, 10, 11, 12, 13, 14, 15, 16, 17, 
        18, 19 ]
      q: [ 
        -0.25975635, -0.0550980264, 0.407850759, -0.769932861, -0.362082273, -0.0550980026, -0.156368078, -0.0156084574, -1.00848365, 
        1.17967128, 0.171187705, -0.0156084814, 0, 0, 0, -0.523598776, 0, 0, 
        0.523598776, 0 ]
      ikLinks: 
        - 
          name: WAIST
          index: 0
          isBaseLink: true
          translation: [ 0.078265065, -0.0085267411, 0.152744581 ]
          rotation: [ 
            1, -1.00506478e-009, 2.21003955e-009, 
            1.00506464e-009, 1, -1.25647793e-009, 
            -2.21003976e-009, 1.25647794e-009, 1 ]
        - 
          name: R_ANKLE_R
          index: 6
          translation: [ 0.106603517, -0.0296600726, 0.0211646658 ]
          rotation: [ 
            0.966452585, 0.256845091, -1.68892936e-007, 
            -0.256845091, 0.966452585, 1.95315719e-008, 
            1.68243603e-007, 2.45029834e-008, 1 ]
          isTouching: true
          partingDirection: [ 0, 0, 1 ]
        - 
          name: L_ANKLE_R
          index: 12
          translation: [ 0.136921898, 0.00318889465, 0.0365268009 ]
          rotation: [ 
            0.987799402, 0.155731631, -6.7406755e-008, 
            -0.155731631, 0.987799402, 3.40121616e-008, 
            7.18811216e-008, -2.3099829e-008, 1 ]
      zmp: [ 0.10644979, -0.0109229246, 0 ]
      isZmpStationaryPoint: true
  - 
    time: 3.99166666
    maxTransitionTime: 0.508333327
    refer: 
      type: Pose
      name: ""
      joints: [ 
        0, 1, 2, 3, 4, 5, 6, 7, 8, 
        9, 10, 11, 12, 13, 14, 15, 16, 17, 
        18, 19 ]
      q: [ 
        -0.259756367, -0.122005044, 0.458530972, -1.08153598, -0.623005141, -0.122005024, -0.156381454, -0.070499939, -0.692815638, 
        0.269744141, -0.423071405, -0.0704999603, 0, 0, 0, -0.523598776, 0, 0, 
        0.523598776, 0 ]
      ikLinks: 
        - 
          name: WAIST
          index: 0
          isBaseLink: true
          translation: [ 0.0876873358, -0.0171394505, 0.143904089 ]
          rotation: [ 
            1, -0, 0, 
            0, 1, -0, 
            0, 0, 1 ]
        - 
          name: R_ANKLE_R
          index: 6
          translation: [ 0.106603653, -0.0296592117, 0.0211562857 ]
          rotation: [ 
            0.966452579, 0.256845115, -1.3106804e-007, 
            -0.256845115, 0.966452579, 1.42478954e-008, 
            1.30330548e-007, 1.98942706e-008, 1 ]
          isTouching: true
          partingDirection: [ 0, 0, 1 ]
        - 
          name: L_ANKLE_R
          index: 12
          translation: [ 0.171200297, -0.00394658334, 0.02090892 ]
          rotation: [ 
            0.987797318, 0.155744851, -8.78554284e-008, 
            -0.155744851, 0.987797318, 3.53784617e-008, 
            9.22933697e-008, -2.1263719e-008, 1 ]
          isTouching: true
          partingDirection: [ 0, 0, 1 ]
      zmp: [ 0.117233046, -0.0182432912, 0 ]
      isZmpStationaryPoint: true
  - 
    time: 5.47968428
    maxTransitionTime: 1.395
    refer: 
      type: Pose
      name: ""
      joints: [ 
        0, 1, 2, 3, 4, 5, 6, 7, 8, 
        9, 10, 11, 12, 13, 14, 15, 16, 17, 
        18, 19 ]
      q: [ 
        -0.150410565, 0.128914435, 0.817119324, -1.43372203, -0.616602864, 0.128914461, -0.156381478, 0.133390565, -0.723802323, 
        0.959578723, 0.2357765, 0.133390543, 0, 0, 0, -0.523598776, 0, 0, 
        0.523598776, 0 ]
      ikLinks: 
        - 
          name: WAIST
          index: 0
          isBaseLink: true
          translation: [ 0.127184177, -0.00340344386, 0.145874947 ]
          rotation: [ 
            1, -0, 0, 
            0, 1, -0, 
            0, 0, 1 ]
        - 
          name: R_ANKLE_R
          index: 6
          translation: [ 0.155457476, -0.0383747947, 0.0331016843 ]
          rotation: [ 
            0.988709644, 0.149844055, -1.56436726e-007, 
            -0.149844055, 0.988709644, -2.70211445e-009, 
            1.54265604e-007, 2.611272e-008, 1 ]
        - 
          name: L_ANKLE_R
          index: 12
          translation: [ 0.171199929, -0.00394640743, 0.0209103046 ]
          rotation: [ 
            0.987797317, 0.155744855, -9.42916633e-008, 
            -0.155744855, 0.987797317, 3.76168787e-008, 
            9.89996874e-008, -2.24724105e-008, 1 ]
          isTouching: true
          partingDirection: [ 0, 0, 1 ]
      zmp: [ 0.154179842, -0.00870669803, 0 ]
      isZmpStationaryPoint: true
  - 
    time: 6.02741053
    maxTransitionTime: 0.553430745
    refer: 
      type: Pose
      name: ""
      joints: [ 
        0, 1, 2, 3, 4, 5, 6, 7, 8, 
        9, 10, 11, 12, 13, 14, 15, 16, 17, 
        18, 19 ]
      q: [ 
        -0.0719613612, 0.0350357321, 0.483544233, -1.21038839, -0.726844347, 0.0350357636, -0.156381462, -0.0290500342, -0.962415007, 
        0.841060094, -0.121354812, -0.0290500574, 0, 0, 0, -0.523598776, 0, 0, 
        0.523598776, 0 ]
      ikLinks: 
        - 
          name: WAIST
          index: 0
          isBaseLink: true
          translation: [ 0.0965711462, -0.0144100461, 0.139372843 ]
          rotation: [ 
            1, -0, 0, 
            0, 1, -0, 
            0, 0, 1 ]
        - 
          name: R_ANKLE_R
          index: 6
          translation: [ 0.108599944, -0.0380695618, 0.0203425736 ]
          rotation: [ 
            0.997411899, 0.0718992627, -1.93679998e-007, 
            -0.0718992627, 0.997411899, -1.76779655e-008, 
            1.91907702e-007, 3.15576622e-008, 1 ]
          isTouching: true
          partingDirection: [ 0, 0, 1 ]
        - 
          name: L_ANKLE_R
          index: 12
          translation: [ 0.171199458, -0.00394635729, 0.0209110229 ]
          rotation: [ 
            0.987797317, 0.155744855, -9.69029961e-008, 
            -0.155744855, 0.987797317, 3.87747413e-008, 
            1.01759486e-007, -2.32094424e-008, 1 ]
          isTouching: true
          partingDirection: [ 0, 0, 1 ]
      zmp: [ 0.124894429, -0.0167823661, 0 ]
      isZmpStationaryPoint: true
  - 
    time: 7.5160643
    refer: 
      type: Pose
      name: ""
      joints: [ 
        0, 1, 2, 3, 4, 5, 6, 7, 8, 
        9, 10, 11, 12, 13, 14, 15, 16, 17, 
        18, 19 ]
      q: [ 
        -0.071961294, -0.27552246, 0.524790847, -0.962777371, -0.437986729, -0.275522428, 3.98484517e-008, -0.341542875, -0.952023107, 
        1.37660888, 0.424585902, -0.341542904, 0, 0, 0, -0.523598776, 0, 0, 
        0.523598776, 0 ]
      ikLinks: 
        - 
          name: WAIST
          index: 0
          isBaseLink: true
          translation: [ 0.0785203982, -0.043439291, 0.144062948 ]
          rotation: [ 
            1, -0, 0, 
            0, 1, -0, 
            0, 0, 1 ]
        - 
          name: R_ANKLE_R
          index: 6
          translation: [ 0.108599926, -0.0380697185, 0.0203432727 ]
          rotation: [ 
            0.997411899, 0.071899258, -1.99171021e-007, 
            -0.071899258, 0.997411899, -1.80978491e-008, 
            1.97354324e-007, 3.23712587e-008, 1 ]
          isTouching: true
          partingDirection: [ 0, 0, 1 ]
        - 
          name: L_ANKLE_R
          index: 12
          translation: [ 0.122316089, 0.00500018997, 0.0349332493 ]
          rotation: [ 
            1, 1.80906702e-009, -1.1718872e-007, 
            -1.80906365e-009, 1, 2.87867261e-008, 
            1.17188721e-007, -2.87867258e-008, 1 ]
      zmp: [ 0.105698007, -0.0374147577, 0 ]
      isZmpStationaryPoint: true
  - 
    time: 8.00112051
    maxTransitionTime: 0.479684281
    refer: 
      type: Pose
      name: ""
      joints: [ 
        0, 1, 2, 3, 4, 5, 6, 7, 8, 
        9, 10, 11, 12, 13, 14, 15, 16, 17, 
        18, 19 ]
      q: [ 
        -0.0719613386, -0.0565057717, 0.744393665, -0.893197758, -0.148804293, -0.056505739, 3.98974173e-008, -0.125554972, -0.391627434, 
        0.975597255, 0.583969974, -0.125555006, 0, 0, 0, -0.523598776, 0, 0, 
        0.523598776, 0 ]
      ikLinks: 
        - 
          name: WAIST
          index: 0
          isBaseLink: true
          translation: [ 0.0553838291, -0.0201976468, 0.14633905 ]
          rotation: [ 
            1, -0, 0, 
            0, 1, -0, 
            0, 0, 1 ]
        - 
          name: R_ANKLE_R
          index: 6
          translation: [ 0.108599714, -0.0380696862, 0.0203437625 ]
          rotation: [ 
            0.997411899, 0.0718992581, -2.00685022e-007, 
            -0.0718992581, 0.997411899, -1.83664444e-008, 
            1.98845096e-007, 3.27480145e-008, 1 ]
          isTouching: true
          partingDirection: [ 0, 0, 1 ]
        - 
          name: L_ANKLE_R
          index: 12
          translation: [ 0.0701760265, 0.011685512, 0.0210227434 ]
          rotation: [ 
            1, -2.07577532e-008, -1.51638602e-007, 
            2.07577583e-008, 1, 3.37791944e-008, 
            1.51638601e-007, -3.37791976e-008, 1 ]
          isTouching: true
          partingDirection: [ 0, 0, 1 ]
      zmp: [ 0.0815037746, -0.018823237, 0 ]
      isZmpStationaryPoint: true
