# Body pose sequence format version 1.0 defined by cnoid-Robotics

type: PoseSeq
name: "fin 4"
targetBody: "GR001"
refs: 
  - 
    time: 0
    refer: 
      type: Pose
      name: ""
      joints: [ 
        0, 1, 2, 3, 4, 5, 6, 7, 8, 
        9, 10, 11, 12, 13, 14, 15, 16, 17, 
        18, 19 ]
      q: [ 
        -3.7744917e-008, 0.0361667472, 0.155604296, -0.67986773, -0.52426354, 0.0361667582, 6.20740952e-009, -0.0565271089, -0.567735357, 
        0.335194938, -0.2325404, -0.0565271144, 0, 0, 0, -0.523598776, 0, 0, 
        0.523598776, 0 ]
      ikLinks: 
        - 
          name: WAIST
          index: 0
          isBaseLink: true
          translation: [ -0.00290277773, -0.00130386659, 0.151366042 ]
          rotation: [ 
            1, 0, 0, 
            0, 1, 0, 
            0, 0, 1 ]
        - 
          name: R_ANKLE_R
          index: 6
          translation: [ 0.00400216951, -0.0246280832, 0.0204374488 ]
          rotation: [ 
            1, 3.39103685e-008, -1.05977883e-007, 
            -3.39103697e-008, 1, -1.09248979e-008, 
            1.05977883e-007, 1.09249015e-008, 1 ]
          isTouching: true
          partingDirection: [ 0, 0, 1 ]
        - 
          name: L_ANKLE_R
          index: 12
          translation: [ 0.0655045453, 0.0240803974, 0.0211478051 ]
          rotation: [ 
            1, -5.1095538e-009, -1.94010636e-008, 
            5.10955391e-009, 1, 5.48593255e-009, 
            1.94010635e-008, -5.48593265e-009, 1 ]
          isTouching: true
          partingDirection: [ 0, 0, 1 ]
      zmp: [ 0.0297533586, -0.00027384277, 0 ]
      isZmpStationaryPoint: true
  - 
    time: 1.48801761
    maxTransitionTime: 1.52355443
    refer: 
      type: Pose
      name: ""
      joints: [ 
        0, 1, 2, 3, 4, 5, 6, 7, 8, 
        9, 10, 11, 12, 13, 14, 15, 16, 17, 
        18, 19 ]
      q: [ 
        -0.192660186, 0.261169384, 0.491534014, -1.45728135, -0.965747456, 0.261169409, -3.18412527e-008, 0.233962073, -0.445698707, 
        0.492604819, 0.0469061588, 0.233962065, 0, 0, 0, -0.523598776, 0, 0, 
        0.523598776, 0 ]
      ikLinks: 
        - 
          name: WAIST
          index: 0
          isBaseLink: true
          translation: [ 0.0185777321, 0.0292286891, 0.152991703 ]
          rotation: [ 
            1, 0, 0, 
            0, 1, 0, 
            -0, 0, 1 ]
        - 
          name: R_ANKLE_R
          index: 6
          translation: [ 0.0181537264, -0.011386775, 0.0473407653 ]
          rotation: [ 
            0.981498367, 0.191470506, -1.23513449e-007, 
            -0.191470506, 0.981498367, -1.70450246e-009, 
            1.20901887e-007, 2.53221489e-008, 1 ]
        - 
          name: L_ANKLE_R
          index: 12
          translation: [ 0.0655035302, 0.0240813996, 0.0211539735 ]
          rotation: [ 
            1, 2.10548856e-008, -4.52587735e-008, 
            -2.10548853e-008, 1, 7.3819105e-009, 
            4.52587736e-008, -7.38190956e-009, 1 ]
          isTouching: true
          partingDirection: [ 0, 0, 1 ]
      zmp: [ 0.0420733707, 0.0227602791, 0 ]
      isZmpStationaryPoint: true
  - 
    time: 2
    maxTransitionTime: 0.596483974
    refer: 
      type: Pose
      name: ""
      joints: [ 
        0, 1, 2, 3, 4, 5, 6, 7, 8, 
        9, 10, 11, 12, 13, 14, 15, 16, 17, 
        18, 19 ]
      q: [ 
        -0.25975638, -0.0955523858, 0.714136321, -0.712824932, 0.00131127022, -0.0955523678, 6.44733168e-009, -0.0814893505, -0.432632761, 
        0.939680644, 0.507047907, -0.0814893566, 0, 0, 0, -0.523598776, 0, 0, 
        0.523598776, 0 ]
      ikLinks: 
        - 
          name: WAIST
          index: 0
          isBaseLink: true
          translation: [ 0.0450309877, -0.00363146817, 0.148471075 ]
          rotation: [ 
            1, 0, 0, 
            0, 1, 0, 
            0, 0, 1 ]
        - 
          name: R_ANKLE_R
          index: 6
          translation: [ 0.106603534, -0.0296589185, 0.0211546078 ]
          rotation: [ 
            0.966452577, 0.256845123, -1.1862586e-007, 
            -0.256845123, 0.966452577, 1.29105726e-008, 
            1.17962286e-007, 1.79910175e-008, 1 ]
          isTouching: true
          partingDirection: [ 0, 0, 1 ]
        - 
          name: L_ANKLE_R
          index: 12
          translation: [ 0.0655052629, 0.0240803077, 0.0211475162 ]
          rotation: [ 
            1, -4.51160425e-009, -2.37017554e-008, 
            4.51160439e-009, 1, 6.16052892e-009, 
            2.37017553e-008, -6.16052902e-009, 1 ]
          isTouching: true
          partingDirection: [ 0, 0, 1 ]
      zmp: [ 0.0724920052, -0.00420620192, 0 ]
      isZmpStationaryPoint: true
  - 
    time: 3.47135095
    maxTransitionTime: 1.49221378
    refer: 
      type: Pose
      name: ""
      joints: [ 
        0, 1, 2, 3, 4, 5, 6, 7, 8, 
        9, 10, 11, 12, 13, 14, 15, 16, 17, 
        18, 19 ]
      q: [ 
        -0.259756351, -0.0891860207, 0.421587511, -0.757635642, -0.336048283, -0.0891859992, -0.156369525, -0.0530658208, -1.01456374, 
        1.1448666, 0.130302925, -0.0530658416, 0, 0, 0, -0.523598776, 0, 0, 
        0.523598776, 0 ]
      ikLinks: 
        - 
          name: WAIST
          index: 0
          isBaseLink: true
          translation: [ 0.0753749688, -0.0114317725, 0.152744679 ]
          rotation: [ 
            1, -0, 0, 
            0, 1, -0, 
            0, 0, 1 ]
        - 
          name: R_ANKLE_R
          index: 6
          translation: [ 0.106603341, -0.0296599501, 0.0211610197 ]
          rotation: [ 
            0.966452583, 0.256845098, -1.52312328e-007, 
            -0.256845098, 0.966452583, 1.8284915e-008, 
            1.51899033e-007, 2.14491713e-008, 1 ]
          isTouching: true
          partingDirection: [ 0, 0, 1 ]
        - 
          name: L_ANKLE_R
          index: 12
          translation: [ 0.137055609, 0.00315667947, 0.036525661 ]
          rotation: [ 
            0.987799176, 0.155733064, -6.14855028e-008, 
            -0.155733064, 0.987799176, 3.06591488e-008, 
            6.55099723e-008, -2.07097561e-008, 1 ]
      zmp: [ 0.104206932, -0.0131369361, 0 ]
      isZmpStationaryPoint: true
  - 
    time: 4.00833333
    maxTransitionTime: 0.983333333
    refer: 
      type: Pose
      name: ""
      joints: [ 
        0, 1, 2, 3, 4, 5, 6, 7, 8, 
        9, 10, 11, 12, 13, 14, 15, 16, 17, 
        18, 19 ]
      q: [ 
        -0.259756367, -0.122004652, 0.458523265, -1.08148357, -0.622960434, -0.122004633, -0.156381454, -0.070498502, -0.692636731, 
        0.269408601, -0.423228038, -0.0704985233, 0, 0, 0, -0.523598776, 0, 0, 
        0.523598776, 0 ]
      ikLinks: 
        - 
          name: WAIST
          index: 0
          isBaseLink: true
          translation: [ 0.0876855423, -0.0171391501, 0.143905785 ]
          rotation: [ 
            1, -0, 0, 
            0, 1, -0, 
            0, 0, 1 ]
        - 
          name: R_ANKLE_R
          index: 6
          translation: [ 0.106603653, -0.0296592119, 0.0211562867 ]
          rotation: [ 
            0.966452579, 0.256845115, -1.31072147e-007, 
            -0.256845115, 0.966452579, 1.42486717e-008, 
            1.30334716e-007, 1.98945751e-008, 1 ]
          isTouching: true
          partingDirection: [ 0, 0, 1 ]
        - 
          name: L_ANKLE_R
          index: 12
          translation: [ 0.171200297, -0.00394658333, 0.0209089206 ]
          rotation: [ 
            0.987797318, 0.155744851, -8.78564979e-008, 
            -0.155744851, 0.987797318, 3.53786302e-008, 
            9.22944524e-008, -2.12637189e-008, 1 ]
          isTouching: true
          partingDirection: [ 0, 0, 1 ]
      zmp: [ 0.117231368, -0.018242991, 0 ]
      isZmpStationaryPoint: true
  - 
    time: 5.47968428
    maxTransitionTime: 1.395
    refer: 
      type: Pose
      name: ""
      joints: [ 
        0, 1, 2, 3, 4, 5, 6, 7, 8, 
        9, 10, 11, 12, 13, 14, 15, 16, 17, 
        18, 19 ]
      q: [ 
        -0.150410565, 0.128914435, 0.817119324, -1.43372203, -0.616602864, 0.128914461, -0.156381478, 0.133390565, -0.723802323, 
        0.959578723, 0.2357765, 0.133390543, 0, 0, 0, -0.523598776, 0, 0, 
        0.523598776, 0 ]
      ikLinks: 
        - 
          name: WAIST
          index: 0
          isBaseLink: true
          translation: [ 0.127184177, -0.00340344386, 0.145874947 ]
          rotation: [ 
            1, -0, 0, 
            0, 1, -0, 
            0, 0, 1 ]
        - 
          name: R_ANKLE_R
          index: 6
          translation: [ 0.155457476, -0.0383747947, 0.0331016843 ]
          rotation: [ 
            0.988709644, 0.149844055, -1.56436726e-007, 
            -0.149844055, 0.988709644, -2.70211445e-009, 
            1.54265604e-007, 2.61127199e-008, 1 ]
        - 
          name: L_ANKLE_R
          index: 12
          translation: [ 0.171199929, -0.00394640743, 0.0209103046 ]
          rotation: [ 
            0.987797317, 0.155744855, -9.42916633e-008, 
            -0.155744855, 0.987797317, 3.76168787e-008, 
            9.89996874e-008, -2.24724105e-008, 1 ]
          isTouching: true
          partingDirection: [ 0, 0, 1 ]
      zmp: [ 0.154179842, -0.00870669803, 0 ]
      isZmpStationaryPoint: true
  - 
    time: 5.9983137
    maxTransitionTime: 0.553430745
    refer: 
      type: Pose
      name: ""
      joints: [ 
        0, 1, 2, 3, 4, 5, 6, 7, 8, 
        9, 10, 11, 12, 13, 14, 15, 16, 17, 
        18, 19 ]
      q: [ 
        -0.0719613582, 0.020201763, 0.512896065, -1.22324199, -0.710346118, 0.0202017957, -0.15638146, -0.0457439213, -0.953370212, 
        0.796101463, -0.157268643, -0.0457439456, 0, 0, 0, -0.523598776, 0, 0, 
        0.523598776, 0 ]
      ikLinks: 
        - 
          name: WAIST
          index: 0
          isBaseLink: true
          translation: [ 0.0945089241, -0.0156161617, 0.139378347 ]
          rotation: [ 
            1, -0, 0, 
            0, 1, -0, 
            0, 0, 1 ]
        - 
          name: R_ANKLE_R
          index: 6
          translation: [ 0.108600048, -0.0380695388, 0.0203431836 ]
          rotation: [ 
            0.997411899, 0.0718992624, -1.98465107e-007, 
            -0.0718992624, 0.997411899, -1.84631267e-008, 
            1.96623974e-007, 3.26848371e-008, 1 ]
          isTouching: true
          partingDirection: [ 0, 0, 1 ]
        - 
          name: L_ANKLE_R
          index: 12
          translation: [ 0.171198777, -0.00394632075, 0.0209121713 ]
          rotation: [ 
            0.987797317, 0.155744855, -1.01327749e-007, 
            -0.155744855, 0.987797317, 4.06244362e-008, 
            1.06418325e-007, -2.43474336e-008, 1 ]
          isTouching: true
          partingDirection: [ 0, 0, 1 ]
      zmp: [ 0.121171975, -0.0217380911, 0 ]
      isZmpStationaryPoint: true
  - 
    time: 7.5160643
    refer: 
      type: Pose
      name: ""
      joints: [ 
        0, 1, 2, 3, 4, 5, 6, 7, 8, 
        9, 10, 11, 12, 13, 14, 15, 16, 17, 
        18, 19 ]
      q: [ 
        -0.0719612909, -0.275522507, 0.524798287, -0.962790591, -0.437992511, -0.275522474, 4.16679427e-008, -0.341542812, -0.952026152, 
        1.37661417, 0.424588144, -0.341542842, 0, 0, 0, -0.523598776, 0, 0, 
        0.523598776, 0 ]
      ikLinks: 
        - 
          name: WAIST
          index: 0
          isBaseLink: true
          translation: [ 0.0785203982, -0.043439291, 0.144062948 ]
          rotation: [ 
            1, -0, 0, 
            0, 1, -0, 
            0, 0, 1 ]
        - 
          name: R_ANKLE_R
          index: 6
          translation: [ 0.10859992, -0.0380698017, 0.0203435853 ]
          rotation: [ 
            0.997411899, 0.0718992557, -2.01757692e-007, 
            -0.0718992557, 0.997411899, -1.82533797e-008, 
            1.99923118e-007, 3.27123659e-008, 1 ]
          isTouching: true
          partingDirection: [ 0, 0, 1 ]
        - 
          name: L_ANKLE_R
          index: 12
          translation: [ 0.122316053, 0.00500012684, 0.034933411 ]
          rotation: [ 
            1, 5.63302363e-010, -1.1880272e-007, 
            -5.6329888e-010, 1, 2.92353137e-008, 
            1.1880272e-007, -2.92353137e-008, 1 ]
      zmp: [ 0.105698007, -0.0374147577, 0 ]
      isZmpStationaryPoint: true
  - 
    time: 8.00945384
    maxTransitionTime: 0.479684281
    refer: 
      type: Pose
      name: ""
      joints: [ 
        0, 1, 2, 3, 4, 5, 6, 7, 8, 
        9, 10, 11, 12, 13, 14, 15, 16, 17, 
        18, 19 ]
      q: [ 
        -0.0719613389, -0.0565057514, 0.74439034, -0.893191808, -0.148801666, -0.0565057188, 3.95430048e-008, -0.125554992, -0.391624848, 
        0.97559267, 0.583967974, -0.125555026, 0, 0, 0, -0.523598776, 0, 0, 
        0.523598776, 0 ]
      ikLinks: 
        - 
          name: WAIST
          index: 0
          isBaseLink: true
          translation: [ 0.0553838291, -0.0201976468, 0.14633905 ]
          rotation: [ 
            1, -0, 0, 
            0, 1, -0, 
            0, 0, 1 ]
        - 
          name: R_ANKLE_R
          index: 6
          translation: [ 0.10859975, -0.0380696834, 0.0203436315 ]
          rotation: [ 
            0.997411899, 0.0718992584, -2.00050047e-007, 
            -0.0718992584, 0.997411899, -1.82904631e-008, 
            1.98217227e-007, 3.26265756e-008, 1 ]
          isTouching: true
          partingDirection: [ 0, 0, 1 ]
        - 
          name: L_ANKLE_R
          index: 12
          translation: [ 0.0701760102, 0.011685528, 0.0210226322 ]
          rotation: [ 
            1, -2.04953913e-008, -1.50909284e-007, 
            2.04953964e-008, 1, 3.36577849e-008, 
            1.50909283e-007, -3.3657788e-008, 1 ]
          isTouching: true
          partingDirection: [ 0, 0, 1 ]
      zmp: [ 0.0840348578, -0.0129993893, 0 ]
      isZmpStationaryPoint: true
